600000703040800000000000000000504080700200000103000000020000050000070900000010000
000060004006030000100400507700000805000800000608000090002090000400003200009700100
032000005800300000904280001000400039000600050000010000020006708000004000095000060
000503000000060700508000016360020000000401000000030005670000208004070000000200500
050307040100000000030000000508030610000800509060010000000040006000692700002000900
005008001800000090000000780000400000640000900000053002060000000001380050000907140
000000000072060100005100082080001300400000000037090010000023800504009000000000790
000658000004000000120000000000009607000300500002080003001900800306000004000047300
020300000006008090830500000000200080709005000000006004000000010001000402200700809
050090000100000600000308000008040009514000000030000200000000004080006007700150060
