340600000007000000020080570000005000070010020000400000036020010000000900000007082
000000401800200000000607000000800060040000300010000000600000020050010000700030000
040050067000100040000200000100800300000000200060000000000040050300000800200000000
000000040002004001070050090003007000040060000600100800020000100850900060000080003
800700004050000600000000000030970008000043005000020900006000000200060007071008302
010500200900001000002008030500030007008000500600080004040100700000700006003004050
080000040000469000400000007005904600070608030008502100900000005000781000060000010
904200007010000000000706500000800090020904060040002000001607000000000030300005702
000700800006000031040002000024070000010030080000060290000800070860000500002006000
001007090590080001030000080000005800050060020004100000080000030100020079020700400
000003017015009008060000000100007000009000200000500004000000020500600340340200000
300200000000107000706030500070009080900020004010800050009040301000702000000008006
080004050000700300000000000010085000600000200000040000302600000000000041700000000
005008001800000090000000780000400000640000900000053002060000000001380050000907140
000000000072060100005100082080001300400000000037090010000023800504009000000000790