976125438158436927423879156234761895867952314519384762782513649395647281641298573
962341758148975623573268149321694875487512936695837412834726591216459387759183264
397681524645279813218534976823956741169742358754318692472893165531467289986125437
639218457471539268825674139564823791793451826218796345352987614186345972947162583
697128345428635197315479682531246978286397451974581263149852736752963814863714529
361725948587964213492831657638259471174683592259147836746392185923518764815476329
359867124648312597712549836876924351524731968193685472931476285465298713287153649
786945312219863457534271869165482973327619548498537126951728634842356791673194285
743512986589346217126987345934251768671498532852763491398675124417829653265134879
782614359439825176651937428293471865568392714147568293326749581975183642814256937
