782614359439825176651937428293471865568392714147568293326749581975183642814256937
428531796365947182971268435214896573697453218583172964849615327752389641136724859
425781936178369524369524187894157362652843791713692845987216453536478219241935678
348267951571943628269185374697351482123874596854629137415798263982436715736512849
124986735867435912395712684478359261259861347631274598712698453983547126546123879
316549278987321645452678931594236817238417569671985324845162793129753486763894152
586127943723469851491853267135974628279618534648532179917246385352781496864395712
954213687617548923832796541763851294128974365549362178281637459475129836396485712
935748621876231594124695783512469378643872915789153462267514839491386257358927146
143258679872964153695137482986541327451372968237896514719623845564789231328415796
925371486163498725874562391542689137618753942739124658487915263351246879296837514
123456789649837251857291634274518963398672415561943827416725398985364172732189546
159743862276589431348612759624978315917235684583164297435821976861497523792356148
861357294597482361432619785916275843358964127274138956789541632143826579625793418
618342579943765182527891436752634891861279354394518627286157943179483265435926718
