483921657967345821251876493548132976729564138136798245372689514814253769695417382
245981376169273584837564219976125438513498627482736951391657842728349165654812793
462831957795426183381795426173984265659312748248567319926178534834259671517643892
137256849928314567465897312673542981819673254542189736256731498391428675784965123
523816749784593126691472835239145687457268913168937254342789561915624378876351492
176923584524817639893654271957348162638192457412765398265489713781236945349571826
143986257679425381285731694962354178357618942418279563821567439796143825534892716
487156932362498751915372864846519273593724186271863549124685397738941625659237418
814976532659123478732854169948265317275341896163798245391682754587439621426517983
761928453925743168438615927357461289894372615216589374689154732142837596573296841
976125438158436927423879156234761895867952314519384762782513649395647281641298573
962341758148975623573268149321694875487512936695837412834726591216459387759183264
397681524645279813218534976823956741169742358754318692472893165531467289986125437
639218457471539268825674139564823791793451826218796345352987614186345972947162583
697128345428635197315479682531246978286397451974581263149852736752963814863714529
361725948587964213492831657638259471174683592259147836746392185923518764815476329
359867124648312597712549836876924351524731968193685472931476285465298713287153649
786945312219863457534271869165482973327619548498537126951728634842356791673194285
743512986589346217126987345934251768671498532852763491398675124417829653265134879
782614359439825176651937428293471865568392714147568293326749581975183642814256937
