020030090000907000900208005004806500607000208003102900800605007000309000030020050
005000006070009020000500107804150000000803000000092805907006000030400010200000600
040000050001943600009000300600050002103000506800020007005000200002436700030000040
004000000000030002390700080400009001209801307600200008010008053900040000000000800
360020089000361000000000000803000602400603007607000108000000000000418000970030014
500400060009000800640020000000001008208000501700500000000090084003000600060003002
007256400400000005010030060000508000008060200000107000030070090200000004006312700
000000000079050180800000007007306800450708096003502700700000005016030420000000000
030000080009000500007509200700105008020090030900402001004207100002000800070000090
200170603050000100000006079000040700000801000009050000310400000005000060906037002
000000080800701040040020030374000900000030000005000321010060050050802006080000000
000000085000210009960080100500800016000000000890006007009070052300054000480000000
608070502050608070002000300500090006040302050800050003005000200010704090409060701
050010040107000602000905000208030501040070020901080406000401000304000709020060010
053000790009753400100000002090080010000907000080030070500000003007641200061000940
006080300049070250000405000600317004007000800100826009000702000075040190003090600
005080700700204005320000084060105040008000500070803010450000091600508007003010600
000900800128006400070800060800430007500000009600079008090004010003600284001007000
000080000270000054095000810009806400020403060006905100017000620460000038000090000
000602000400050001085010620038206710000000000019407350026040530900020007000809000
000900002050123400030000160908000000070000090000000205091000050007439020400007000
380000000000400785009020300060090000800302009000040070001070500495006000000000092
000158000002060800030000040027030510000000000046080790050000080004070100000325000
010500200900001000002008030500030007008000500600080004040100700000700006003004050
080000040000469000400000007005904600070608030008502100900000005000781000060000010
904200007010000000000706500000800090020904060040002000001607000000000030300005702
000700800006000031040002000024070000010030080000060290000800070860000500002006000
001007090590080001030000080000005800050060020004100000080000030100020079020700400
000003017015009008060000000100007000009000200000500004000000020500600340340200000
300200000000107000706030500070009080900020004010800050009040301000702000000008006
050010040107000602000905000208030501040070020901080406000401000304000709020060010
053000790009753400100000002090080010000907000080030070500000003007641200061000940
006080300049070250000405000600317004007000800100826009000702000075040190003090600
005080700700204005320000084060105040008000500070803010450000091600508007003010600
000900800128006400070800060800430007500000009600079008090004010003600284001007000
000080000270000054095000810009806400020403060006905100017000620460000038000090000
000602000400050001085010620038206710000000000019407350026040530900020007000809000
000900002050123400030000160908000000070000090000000205091000050007439020400007000
380000000000400785009020300060090000800302009000040070001070500495006000000000092
000158000002060800030000040027030510000000000046080790050000080004070100000325000
